1.60
1.56
1.52
1.49
1.47
1.48
1.50
1.55
1.62
1.70
1.81
1.92
2.05
2.19
2.32
2.45
2.56
2.64
2.70
2.74
2.75
2.75
2.73
2.71
2.70
2.68
2.66
2.65
2.64
2.64
2.64
2.65
2.68
2.73
2.80
2.90
3.03
3.19
3.35
3.52
3.68
3.83
3.96
4.08
4.18
4.27
4.34
4.40
4.45
4.49
4.52
4.53
4.54
4.54
4.53
4.52
4.52
4.52
4.53
4.55
4.57
4.60
4.63
4.65
4.66
4.67
4.66
4.65
4.65
4.65
4.66
4.67
4.69
4.71
4.72
4.72
4.72
4.71
4.69
4.67
4.66
4.66
4.66
4.67
4.69
4.71
4.72
4.72
4.73
4.72
4.71
4.70
4.69
4.68
4.67
4.67
4.66
4.66
4.66
4.65
4.65
4.64
4.64
4.63
4.63
4.63
4.63
4.62
4.62
4.61
4.60
4.59
4.57
4.57
4.56
4.56
4.57
4.59
4.60
4.59
4.56
4.50
4.40
4.27
4.13
3.99
3.88
3.81
3.78
3.80
3.84
3.90
3.95
3.99
4.00
4.00
3.99
4.00
4.02
4.07
4.14
4.25
4.37
4.52
4.67
4.84
5.01
5.17
5.32
5.44
5.53
5.59
5.61
5.62
5.61
5.61
5.63
5.66
5.71
5.79
5.88
5.99
6.12
6.25
6.39
6.53
6.64
6.72
6.77
6.78
6.77
6.74
6.71
6.68
6.66
6.66
6.66
6.65
6.65
6.63
6.59
6.54
6.47
6.38
6.28
6.16
6.03
5.89
5.76
5.63
5.52
5.43
5.37
5.32
5.29
5.27
5.25
5.23
5.21
5.19
5.17
5.15
5.13
5.11
5.09
5.07
5.05
5.03
5.01
4.98
4.94
4.90
4.85
4.78
4.71
4.62
4.53
4.44
4.35
4.28
4.23
4.20
4.18
4.17
4.17
4.18
4.19
4.20
4.22
4.23
4.24
4.26
4.28
4.29
4.31
4.32
4.33
4.34
4.35
4.36
4.37
4.38
4.39
4.41
4.44
4.47
4.51
4.55
4.59
4.64
4.69
4.75
4.80
4.87
4.93
5.00
5.07
5.13
5.19
5.24
5.28
5.31
5.33
5.35
5.36
5.38
5.40
5.42
5.44
5.47
5.51
5.55
5.60
5.65
5.70
5.76
5.80
5.84
5.87
5.90
5.91
5.91
5.91
5.90
5.88
5.86
5.84
5.81
5.78
5.75
5.73
5.71
5.69
5.69
5.69
5.70
5.72
5.74
5.75
5.76
5.75
5.72
5.68
5.64
5.59
5.54
5.50
5.47
5.45
5.44
5.43
5.42
5.40
5.38
5.35
5.32
5.29
5.25
5.21
5.17
5.13
5.07
5.02
4.96
4.89
4.82
4.75
4.69
4.63
4.58
4.55
4.52
4.50
4.49
4.48
4.46
4.45
4.43
4.41
4.39
4.37
4.35
4.34
4.32
4.30
4.28
4.26
4.24
4.21
4.19
4.18
4.17
4.17
4.19
4.21
4.24
4.28
4.31
4.34
4.37
4.38
4.37
4.33
4.25
4.13
3.97
3.81
3.65
3.53
3.45
3.45
3.52
3.63
3.78
3.94
4.11
4.28
4.43
4.58
4.71
4.83
4.94
5.04
5.13
5.21
5.27
5.33
5.37
5.41
5.44
5.46
5.48
5.49
5.50
5.50
5.51
5.51
5.51
5.50
5.49
5.48
5.48
5.48
5.48
5.49
5.52
5.55
5.58
5.62
5.65
5.68
5.70
5.72
5.73
5.73
5.73
5.72
5.70
5.69
5.66
5.64
5.61
5.58
5.55
5.52
5.50
5.50
5.50
5.51
5.53
5.55
5.56
5.56
5.53
5.49
5.42
5.34
5.24
5.14
5.04
4.94
4.85
4.77
4.71
4.68
4.68
4.71
4.76
4.81
4.87
4.93
4.98
5.01
5.04
5.07
5.08
5.10
5.11
5.12
5.13
5.13
5.14
5.14
5.14
5.14
5.15
5.15
5.15
5.15
5.15
5.15
5.14
5.14
5.15
5.15
5.15
5.15
5.16
5.17
5.18
5.19
5.20
5.22
5.23
5.24
5.24
5.24
5.25
5.25
5.27
5.30
5.34
5.39
5.46
5.52
5.59
5.66
5.71
5.77
5.81
5.85
5.89
5.92
5.95
5.97
5.99
6.01
6.02
6.03
6.03
6.03
6.02
6.02
6.01
6.00
5.98
5.97
5.95
5.93
5.92
5.90
5.89
5.87
5.86
5.86
5.86
5.86
5.88
5.89
5.91
5.93
5.95
5.97
5.99
6.01
6.03
6.06
6.08
6.11
6.14
6.18
6.21
6.24
6.28
6.31
6.34
6.37
6.39
6.41
6.42
6.42
6.42
6.41
6.40
6.39
6.38
6.37
6.37
6.37
6.37
6.39
6.40
6.43
6.45
6.48
6.51
6.54
6.56
6.59
6.61
6.63
6.66
