140.77 157.07 148.36
140.77 156.98 148.32
140.77 156.90 148.29
140.76 156.81 148.26
140.76 156.74 148.25
140.75 156.67 148.25
140.74 156.61 148.28
140.73 156.56 148.33
140.72 156.53 148.42
140.71 156.52 148.55
140.69 156.52 148.71
140.67 156.53 148.89
140.65 156.55 149.09
140.63 156.58 149.30
140.61 156.60 149.51
140.59 156.63 149.70
140.57 156.66 149.87
140.56 156.67 150.01
140.56 156.68 150.10
140.55 156.67 150.16
140.55 156.66 150.18
140.56 156.65 150.18
140.56 156.64 150.17
140.56 156.63 150.14
140.56 156.63 150.11
140.56 156.65 150.09
140.55 156.68 150.08
140.54 156.73 150.10
140.51 156.80 150.13
140.48 156.89 150.19
140.42 157.01 150.26
140.34 157.15 150.34
140.22 157.31 150.44
140.08 157.51 150.55
139.89 157.72 150.67
139.67 157.97 150.80
139.40 158.25 150.94
139.10 158.54 151.08
138.79 158.83 151.22
138.47 159.12 151.36
138.17 159.41 151.50
137.89 159.67 151.63
137.64 159.89 151.76
137.45 160.08 151.87
137.31 160.22 151.97
137.23 160.31 152.06
137.20 160.36 152.13
137.22 160.38 152.20
137.26 160.38 152.26
137.33 160.36 152.31
137.41 160.33 152.36
137.50 160.30 152.40
137.58 160.27 152.44
137.65 160.25 152.48
137.71 160.25 152.53
137.76 160.25 152.57
137.80 160.26 152.62
137.82 160.27 152.67
137.84 160.28 152.72
137.85 160.29 152.78
137.85 160.30 152.85
137.84 160.30 152.92
137.83 160.29 153.01
137.81 160.27 153.10
137.79 160.25 153.20
137.76 160.22 153.32
137.73 160.19 153.44
137.71 160.14 153.58
137.68 160.09 153.73
137.67 160.03 153.89
137.66 159.97 154.07
137.65 159.89 154.25
137.65 159.82 154.45
137.65 159.74 154.64
137.65 159.66 154.83
137.65 159.58 155.00
137.64 159.50 155.17
137.63 159.43 155.31
137.62 159.37 155.43
137.59 159.31 155.53
137.56 159.26 155.60
137.53 159.22 155.64
137.49 159.19 155.67
137.45 159.16 155.69
137.42 159.14 155.70
137.38 159.12 155.70
137.35 159.10 155.70
137.32 159.09 155.70
137.30 159.08 155.70
137.28 159.07 155.70
137.26 159.06 155.71
137.25 159.05 155.72
137.23 159.03 155.74
137.22 159.01 155.75
137.20 158.99 155.78
137.18 158.96 155.80
137.15 158.93 155.83
137.12 158.88 155.87
137.08 158.83 155.91
137.03 158.78 155.95
136.98 158.71 156.00
136.91 158.64 156.05
136.83 158.57 156.11
136.75 158.49 156.17
136.65 158.40 156.23
136.54 158.32 156.30
136.42 158.22 156.37
136.30 158.13 156.44
136.19 158.04 156.50
136.08 157.95 156.56
136.00 157.87 156.60
135.93 157.79 156.64
135.90 157.71 156.66
135.89 157.65 156.66
135.91 157.59 156.64
135.94 157.54 156.61
135.96 157.50 156.58
135.95 157.46 156.54
135.90 157.43 156.50
135.78 157.39 156.47
135.58 157.36 156.45
135.28 157.32 156.45
134.87 157.28 156.46
134.37 157.24 156.49
133.80 157.20 156.54
133.21 157.16 156.59
132.61 157.11 156.65
132.04 157.06 156.71
131.53 157.01 156.77
131.11 156.96 156.82
130.81 156.91 156.85
130.64 156.86 156.88
130.57 156.82 156.89
130.57 156.79 156.90
130.61 156.77 156.90
130.65 156.78 156.92
130.67 156.82 156.94
130.62 156.89 156.97
130.48 157.00 157.02
130.21 157.16 157.10
129.83 157.36 157.20
129.34 157.59 157.31
128.80 157.83 157.43
128.23 158.08 157.55
127.66 158.31 157.67
127.12 158.52 157.78
126.65 158.69 157.86
126.27 158.81 157.92
126.01 158.87 157.96
125.86 158.88 157.96
125.80 158.87 157.95
125.80 158.83 157.93
125.84 158.80 157.90
125.90 158.79 157.88
125.96 158.81 157.86
125.99 158.89 157.87
125.97 159.04 157.90
125.89 159.26 157.95
125.76 159.54 158.03
125.59 159.87 158.13
125.39 160.22 158.23
125.17 160.57 158.34
124.95 160.91 158.45
124.72 161.22 158.55
124.52 161.48 158.64
124.33 161.67 158.71
124.18 161.79 158.76
124.05 161.86 158.79
123.95 161.88 158.81
123.88 161.86 158.82
123.83 161.82 158.83
123.81 161.77 158.84
123.81 161.72 158.84
123.83 161.68 158.86
123.87 161.66 158.88
123.92 161.66 158.90
123.97 161.66 158.92
124.01 161.68 158.94
124.03 161.69 158.95
124.01 161.71 158.95
123.94 161.72 158.92
123.82 161.71 158.87
123.64 161.69 158.79
123.38 161.65 158.68
123.07 161.60 158.54
122.73 161.53 158.39
122.36 161.46 158.23
121.99 161.38 158.06
121.62 161.30 157.89
121.28 161.22 157.74
120.99 161.14 157.60
120.75 161.08 157.49
120.57 161.02 157.40
120.43 160.97 157.32
120.34 160.93 157.27
120.27 160.89 157.22
120.22 160.85 157.18
120.17 160.82 157.15
120.13 160.79 157.11
120.08 160.75 157.08
120.01 160.72 157.03
119.93 160.68 156.98
119.83 160.65 156.92
119.73 160.61 156.85
119.62 160.58 156.78
119.51 160.56 156.71
119.41 160.53 156.63
119.31 160.52 156.55
119.23 160.51 156.46
119.16 160.51 156.37
119.09 160.51 156.28
119.03 160.53 156.18
118.95 160.54 156.07
118.86 160.57 155.96
118.75 160.60 155.84
118.62 160.64 155.71
118.45 160.68 155.57
118.24 160.73 155.42
118.00 160.78 155.25
117.73 160.83 155.08
117.44 160.88 154.91
117.15 160.93 154.74
116.86 160.98 154.56
116.58 161.03 154.40
116.32 161.07 154.25
116.09 161.10 154.11
115.90 161.13 153.98
115.74 161.15 153.87
115.61 161.16 153.77
115.50 161.17 153.69
115.42 161.17 153.63
115.36 161.17 153.57
115.31 161.17 153.53
115.27 161.16 153.50
115.24 161.16 153.48
115.22 161.15 153.47
115.19 161.15 153.46
115.16 161.14 153.46
115.13 161.15 153.46
115.08 161.15 153.45
115.02 161.16 153.43
114.95 161.17 153.40
114.85 161.19 153.36
114.74 161.22 153.29
114.60 161.25 153.21
114.44 161.29 153.12
114.27 161.34 153.02
114.08 161.40 152.93
113.88 161.46 152.85
113.67 161.53 152.78
113.44 161.61 152.73
113.21 161.69 152.71
112.98 161.78 152.72
112.75 161.88 152.76
112.51 161.97 152.82
112.29 162.07 152.89
112.08 162.16 152.97
111.88 162.25 153.06
111.70 162.32 153.14
111.55 162.39 153.22
111.42 162.44 153.28
111.32 162.47 153.32
111.24 162.49 153.36
111.17 162.51 153.38
111.11 162.51 153.40
111.06 162.52 153.41
111.00 162.52 153.41
110.92 162.53 153.42
110.84 162.54 153.43
110.73 162.56 153.44
110.60 162.59 153.46
110.45 162.62 153.48
110.30 162.66 153.50
110.15 162.69 153.52
110.01 162.73 153.53
109.88 162.76 153.54
109.76 162.79 153.55
109.67 162.81 153.54
109.60 162.82 153.52
109.56 162.82 153.50
109.54 162.81 153.48
109.53 162.80 153.46
109.52 162.79 153.45
109.52 162.78 153.45
109.52 162.77 153.48
109.51 162.77 153.52
109.49 162.77 153.59
109.46 162.77 153.68
109.42 162.78 153.80
109.38 162.80 153.92
109.33 162.81 154.05
109.29 162.83 154.18
109.26 162.86 154.30
109.23 162.88 154.40
109.23 162.90 154.48
109.23 162.92 154.53
109.25 162.94 154.55
109.27 162.95 154.56
109.28 162.97 154.54
109.26 162.97 154.52
109.21 162.97 154.50
109.11 162.96 154.48
108.95 162.94 154.47
108.73 162.92 154.48
108.43 162.88 154.51
108.09 162.83 154.56
107.70 162.78 154.61
107.30 162.72 154.67
106.89 162.66 154.73
106.51 162.59 154.79
106.16 162.53 154.84
105.87 162.47 154.88
105.65 162.41 154.89
105.51 162.36 154.90
105.42 162.31 154.89
105.38 162.27 154.89
105.36 162.22 154.89
105.36 162.19 154.91
105.35 162.15 154.96
105.33 162.12 155.03
105.27 162.09 155.15
105.16 162.06 155.32
105.01 162.04 155.53
104.82 162.01 155.76
104.62 161.99 156.02
104.40 161.97 156.28
104.17 161.95 156.54
103.95 161.93 156.78
103.75 161.91 157.00
103.57 161.90 157.18
103.42 161.89 157.32
103.30 161.88 157.42
103.21 161.87 157.48
103.13 161.86 157.52
103.06 161.85 157.55
103.00 161.84 157.55
102.95 161.83 157.55
102.90 161.82 157.55
102.84 161.82 157.54
102.78 161.81 157.55
102.72 161.80 157.55
102.65 161.79 157.56
102.58 161.78 157.57
102.51 161.77 157.58
102.45 161.77 157.59
102.38 161.76 157.60
102.32 161.76 157.61
102.26 161.75 157.61
102.22 161.75 157.60
102.18 161.75 157.60
102.15 161.75 157.59
102.14 161.75 157.59
102.14 161.75 157.58
102.16 161.75 157.58
102.20 161.75 157.58
102.27 161.75 157.58
102.35 161.75 157.59
102.43 161.75 157.60
102.51 161.74 157.61
102.56 161.74 157.63
102.58 161.74 157.64
102.54 161.73 157.65
102.43 161.72 157.66
102.23 161.71 157.66
101.94 161.70 157.66
101.56 161.68 157.66
101.10 161.66 157.65
100.59 161.64 157.63
100.04 161.61 157.62
99.47 161.57 157.60
98.90 161.53 157.58
98.35 161.48 157.56
97.83 161.42 157.54
97.36 161.35 157.52
96.93 161.27 157.50
96.55 161.19 157.49
96.21 161.11 157.48
95.91 161.04 157.47
95.63 160.96 157.46
95.38 160.89 157.45
95.15 160.84 157.45
94.94 160.79 157.45
94.74 160.76 157.46
94.55 160.74 157.47
94.39 160.72 157.49
94.24 160.72 157.51
94.12 160.73 157.54
94.02 160.74 157.58
93.95 160.76 157.63
93.92 160.78 157.70
93.91 160.81 157.77
93.93 160.83 157.85
93.96 160.85 157.92
94.00 160.87 157.97
94.02 160.88 157.99
94.02 160.89 157.95
93.99 160.88 157.85
93.91 160.86 157.68
93.78 160.83 157.41
93.57 160.78 157.05
93.32 160.71 156.61
93.02 160.64 156.13
92.71 160.55 155.61
92.38 160.46 155.10
92.07 160.36 154.61
91.78 160.26 154.17
91.53 160.16 153.80
91.33 160.07 153.53
91.20 159.97 153.37
91.11 159.88 153.30
91.07 159.78 153.32
91.05 159.67 153.39
91.05 159.56 153.51
91.06 159.44 153.66
91.06 159.30 153.83
91.04 159.15 154.00
91.00 158.98 154.16
90.93 158.79 154.30
90.85 158.59 154.42
90.75 158.38 154.52
90.64 158.18 154.61
90.53 157.99 154.69
90.42 157.80 154.75
90.32 157.64 154.80
90.24 157.50 154.84
90.18 157.39 154.88
90.14 157.30 154.90
90.10 157.24 154.93
90.07 157.19 154.95
90.03 157.15 154.99
89.98 157.13 155.03
89.91 157.11 155.08
89.81 157.09 155.16
89.69 157.06 155.25
89.53 157.03 155.37
89.34 156.99 155.50
89.12 156.95 155.65
88.88 156.90 155.80
88.63 156.83 155.95
88.36 156.76 156.10
88.07 156.68 156.24
87.78 156.58 156.37
87.49 156.47 156.48
87.20 156.36 156.57
86.91 156.23 156.64
86.62 156.10 156.70
86.35 155.97 156.75
86.10 155.85 156.79
85.86 155.72 156.81
85.64 155.61 156.83
85.45 155.51 156.84
85.28 155.42 156.85
85.15 155.34 156.86
85.03 155.27 156.86
84.94 155.22 156.86
84.86 155.18 156.85
84.81 155.14 156.85
84.77 155.12 156.84
84.74 155.09 156.84
84.72 155.08 156.83
84.71 155.07 156.83
84.71 155.06 156.83
84.71 155.06 156.83
84.71 155.06 156.83
84.71 155.07 156.83
84.72 155.07 156.83
84.72 155.08 156.83
84.71 155.08 156.83
84.70 155.09 156.84
84.68 155.09 156.84
84.66 155.09 156.84
84.64 155.09 156.84
84.61 155.08 156.83
84.59 155.06 156.81
84.57 155.04 156.79
84.55 155.01 156.75
84.54 154.97 156.69
84.53 154.92 156.63
84.53 154.87 156.55
84.52 154.81 156.47
84.50 154.75 156.38
84.45 154.69 156.28
84.39 154.64 156.19
84.29 154.60 156.11
84.16 154.57 156.03
83.99 154.55 155.96
83.77 154.55 155.90
83.52 154.56 155.85
83.24 154.57 155.82
82.93 154.57 155.79
82.61 154.56 155.77
82.27 154.53 155.76
81.93 154.47 155.76
81.58 154.38 155.77
81.24 154.25 155.78
80.91 154.09 155.80
80.60 153.90 155.82
80.30 153.71 155.85
80.02 153.50 155.89
79.76 153.31 155.92
79.53 153.12 155.95
79.34 152.97 155.99
79.17 152.84 156.02
79.05 152.75 156.06
78.95 152.70 156.09
78.88 152.67 156.12
78.83 152.66 156.14
78.80 152.67 156.17
78.79 152.69 156.20
78.78 152.70 156.22
78.77 152.72 156.24
78.77 152.72 156.26
78.76 152.72 156.28
78.74 152.69 156.30
78.72 152.66 156.33
78.69 152.61 156.35
78.65 152.56 156.37
78.60 152.48 156.39
78.53 152.40 156.42
78.45 152.30 156.45
78.35 152.18 156.48
78.24 152.06 156.52
78.12 151.93 156.56
78.00 151.79 156.60
77.86 151.65 156.64
77.73 151.51 156.69
77.59 151.37 156.73
77.47 151.24 156.78
77.34 151.11 156.83
77.23 150.99 156.88
77.13 150.88 156.93
77.03 150.78 156.99
76.94 150.68 157.05
76.85 150.58 157.13
76.76 150.49 157.21
76.68 150.40 157.30
76.60 150.32 157.41
76.51 150.23 157.53
76.43 150.14 157.67
76.35 150.05 157.81
76.27 149.97 157.95
76.19 149.89 158.10
76.12 149.82 158.24
76.06 149.75 158.36
76.00 149.70 158.47
75.95 149.65 158.56
75.92 149.61 158.63
75.89 149.59 158.67
75.87 149.57 158.70
75.86 149.55 158.71
75.86 149.54 158.72
75.86 149.53 158.72
75.87 149.52 158.72
75.87 149.50 158.73
75.88 149.48 158.75
75.89 149.45 158.78
75.90 149.42 158.82
75.90 149.38 158.86
75.89 149.34 158.92
75.87 149.29 158.97
75.83 149.24 159.02
75.77 149.19 159.08
75.70 149.13 159.12
75.60 149.08 159.16
75.47 149.02 159.20
75.33 148.97 159.22
75.17 148.91 159.24
74.99 148.85 159.26
74.80 148.80 159.27
74.60 148.74 159.28
74.40 148.68 159.29
74.19 148.62 159.30
